"Sample_1S1"	"Sample_1S10"	"Sample_1S11"	"Sample_1S12"	"Sample_1S13"	"Sample_1S14"	"Sample_1S15"	"Sample_1S16"	"Sample_1S17"	"Sample_1S18"	"Sample_1S19"	"Sample_1S2"	"Sample_1S20"	"Sample_1S21"	"Sample_1S22"	"Sample_1S23"	"Sample_1S24"	"Sample_1S25"	"Sample_1S3"	"Sample_1S4"	"Sample_1S5"	"Sample_1S6"	"Sample_1S7"	"Sample_1S8"	"Sample_1S9"	"Sample_N1"	"Sample_N10"	"Sample_N11"	"Sample_N12"	"Sample_N13"	"Sample_N14"	"Sample_N15"	"Sample_N16"	"Sample_N17"	"Sample_N18"	"Sample_N19"	"Sample_N2"	"Sample_N20"	"Sample_N21"	"Sample_N22"	"Sample_N23"	"Sample_N24"	"Sample_N25"	"Sample_N26"	"Sample_N27"	"Sample_N28"	"Sample_N29"	"Sample_N3"	"Sample_N30"	"Sample_N31"	"Sample_N32"	"Sample_N33"	"Sample_N34"	"Sample_N35"	"Sample_N36"	"Sample_N37"	"Sample_N38"	"Sample_N39"	"Sample_N4"	"Sample_N40"	"Sample_N41"	"Sample_N42"	"Sample_N43"	"Sample_N44"	"Sample_N45"	"Sample_N46"	"Sample_N47"	"Sample_N48"	"Sample_N49"	"Sample_N5"	"Sample_N50"	"Sample_N6"	"Sample_N7"	"Sample_N8"	"Sample_N9"
"hsa-miR-92b-3p|miRNA|hsa-miR-92b-3p|hsa-miR-92b-3p|hsa-miR-92b-3p|0|22"	0	0	0	1	0	1	0	0	0	1	0	0	0	0	0	0	0	1	0	0	0	0	0	1	0	0	0	0	0	0	0	0	0	0	1	0	0	1	1	0	0	0	0	0	0	0	0	0	0	0	0	0	0	0	0	0	1	0	0	0	0	0	0	0	0	0	1	0	0	0	1	0	1	0	0
"22263|tRNA|22263|peak_130|22263|0|72"	0	0	0	0	0	0	0	0	0	0	0	0	0	0	0	0	0	0	0	0	0	0	0	1	0	0	0	0	0	0	0	0	0	0	1	0	0	1	0	0	0	0	0	0	0	1	0	0	0	0	0	0	0	0	0	0	1	0	0	0	0	0	0	0	0	0	0	0	0	0	1	0	0	0	0
"24305|tRNA|24305|peak_155|24305|0|73"	0	0	0	0	0	0	0	0	0	0	0	0	0	0	1	0	0	0	0	0	0	0	0	1	0	0	0	0	0	0	0	0	0	0	1	0	0	1	0	0	0	0	0	0	0	0	1	0	0	0	0	0	0	0	0	0	1	0	0	0	0	0	0	0	0	0	0	0	0	0	0	0	0	0	0
"ENSG00000124203.6|mRNA|ZNF831|peak_670|ENST00000371030.3|7180|7220"	0	1	0	0	0	0	0	0	0	0	0	0	0	0	1	0	1	0	0	0	0	1	0	0	0	0	0	0	0	0	0	0	0	0	0	0	0	0	0	0	0	0	0	0	0	0	0	0	0	0	0	0	0	0	0	0	0	1	0	0	0	0	0	1	0	0	1	0	0	0	0	0	1	0	1
"ENSG00000264813.6|mRNA|AC113554.2|peak_1335|ENST00000577647.2|4060|4080"	0	0	0	0	0	1	0	0	0	0	0	0	0	0	0	0	0	0	0	0	0	0	0	0	0	0	0	0	0	0	0	0	0	0	0	0	0	0	1	0	0	0	0	0	0	0	0	0	0	0	1	0	0	0	0	0	0	0	0	1	0	0	0	0	0	0	1	1	1	0	0	0	0	0	0
"chr12_124921740_124921800_-|genomic|chr12_124921740_124921800_-|peak_2602|chr12|124921740|124921800"	0	0	0	0	0	0	1	0	0	1	0	0	0	0	0	0	0	0	0	0	0	1	0	1	0	0	0	0	0	0	0	0	0	0	0	0	0	0	0	0	0	0	0	0	0	0	0	0	0	0	0	0	0	0	0	0	1	1	0	0	0	0	0	0	0	1	1	0	0	1	1	0	0	1	0
"chr17_66755840_66755880_+|genomic|chr17_66755840_66755880_+|peak_3193|chr17|66755840|66755880"	0	1	0	0	0	0	0	0	0	0	0	0	1	0	0	0	0	0	0	0	0	0	0	0	0	0	0	0	0	0	0	0	0	0	0	0	0	0	0	0	0	0	0	0	0	0	0	0	0	0	0	0	0	0	0	0	0	0	0	0	0	0	0	0	0	0	1	0	0	1	1	1	0	1	0
"chr17_72113840_72113880_-|genomic|chr17_72113840_72113880_-|peak_3198|chr17|72113840|72113880"	0	0	1	1	0	1	0	0	0	0	0	0	0	0	0	0	0	1	0	0	0	0	0	1	0	0	0	0	0	0	0	0	0	0	0	0	0	0	1	0	0	0	0	0	0	1	0	0	0	0	0	0	0	0	0	0	1	1	0	0	0	0	0	0	0	0	1	0	0	0	1	0	0	0	0
"chr4_83237860_83237900_+|genomic|chr4_83237860_83237900_+|peak_4251|chr4|83237860|83237900"	0	0	0	1	0	0	0	1	0	0	0	0	0	0	0	0	1	0	0	0	0	0	0	0	0	0	0	0	0	0	0	0	0	0	0	0	0	1	0	0	0	0	0	0	0	0	0	0	0	0	0	0	0	0	0	0	0	0	0	0	0	0	0	1	0	0	0	0	0	1	1	0	1	0	1
"chr5_37996200_37996240_-|genomic|chr5_37996200_37996240_-|peak_4408|chr5|37996200|37996240"	1	0	0	1	0	1	0	0	0	0	0	0	0	0	0	0	0	0	0	0	0	0	0	0	0	0	0	0	0	1	0	0	0	0	0	0	1	0	1	0	0	0	0	1	0	1	0	0	0	0	1	0	0	0	1	0	0	0	0	0	0	0	0	1	0	0	1	0	1	0	0	0	0	0	0
