"Sample_1S1"	"Sample_1S10"	"Sample_1S11"	"Sample_1S12"	"Sample_1S13"	"Sample_1S14"	"Sample_1S15"	"Sample_1S16"	"Sample_1S17"	"Sample_1S18"	"Sample_1S19"	"Sample_1S2"	"Sample_1S20"	"Sample_1S21"	"Sample_1S22"	"Sample_1S23"	"Sample_1S24"	"Sample_1S25"	"Sample_1S3"	"Sample_1S4"	"Sample_1S5"	"Sample_1S6"	"Sample_1S7"	"Sample_1S8"	"Sample_1S9"	"Sample_N1"	"Sample_N10"	"Sample_N11"	"Sample_N12"	"Sample_N13"	"Sample_N14"	"Sample_N15"	"Sample_N16"	"Sample_N17"	"Sample_N18"	"Sample_N19"	"Sample_N2"	"Sample_N20"	"Sample_N21"	"Sample_N22"	"Sample_N23"	"Sample_N24"	"Sample_N25"	"Sample_N26"	"Sample_N27"	"Sample_N28"	"Sample_N29"	"Sample_N3"	"Sample_N30"	"Sample_N31"	"Sample_N32"	"Sample_N33"	"Sample_N34"	"Sample_N35"	"Sample_N36"	"Sample_N37"	"Sample_N38"	"Sample_N39"	"Sample_N4"	"Sample_N40"	"Sample_N41"	"Sample_N42"	"Sample_N43"	"Sample_N44"	"Sample_N45"	"Sample_N46"	"Sample_N47"	"Sample_N48"	"Sample_N49"	"Sample_N5"	"Sample_N50"	"Sample_N6"	"Sample_N7"	"Sample_N8"	"Sample_N9"
"25608|tRNA|25608|peak_183|25608|0|40"	1	0	0	0	0	1	0	0	0	0	0	0	0	0	0	0	1	0	0	0	0	0	0	1	0	0	0	0	0	0	0	0	0	0	1	0	0	1	0	0	0	0	0	0	0	1	0	0	0	0	0	0	0	0	0	0	1	1	0	0	0	0	0	0	0	0	0	1	0	1	1	0	1	0	0
"26876|tRNA|26876|peak_212|26876|0|72"	1	1	1	0	1	1	1	1	1	1	0	0	1	1	1	0	0	0	0	0	0	0	0	0	0	0	0	0	0	0	0	0	0	0	0	0	0	0	0	0	0	0	0	0	0	0	0	0	0	0	0	0	0	0	0	0	0	0	0	0	0	0	0	0	0	0	0	1	1	0	1	0	0	0	0
"30343|tRNA|30343|peak_269|30343|0|40"	1	0	1	0	0	1	0	0	0	1	0	0	0	0	0	0	0	0	0	0	0	0	0	1	0	0	0	0	0	1	0	0	0	0	0	0	0	0	1	0	0	0	0	0	0	0	0	0	0	0	0	0	0	0	0	0	0	0	0	0	0	0	0	0	0	0	0	1	0	0	1	0	1	0	0
"30801|tRNA|30801|peak_286|30801|0|72"	1	1	1	0	1	1	1	0	0	1	0	0	1	1	1	0	0	0	0	0	0	0	0	0	0	0	0	0	1	0	0	0	0	0	0	0	0	0	0	0	0	0	0	0	0	0	0	0	0	0	0	0	0	0	0	0	0	0	0	0	0	0	0	0	0	0	0	0	0	0	1	0	0	0	0
"34164|tRNA|34164|peak_359|34164|0|72"	0	0	1	0	0	0	0	0	0	1	0	0	0	0	0	1	0	0	0	0	0	0	0	0	0	0	0	0	0	0	0	0	0	0	1	0	0	1	0	0	0	0	0	0	0	0	0	0	0	0	0	0	0	0	0	0	1	1	0	0	0	0	0	0	0	1	1	0	0	1	1	0	0	1	0
"ENSG00000276027.1|snRNA|RNU12|peak_532|ENST00000362512.1|20|150"	0	0	1	1	0	1	0	0	0	0	0	0	0	0	0	0	0	0	0	0	0	0	0	0	0	0	0	0	0	0	0	0	0	0	0	0	0	0	1	0	1	0	0	0	0	0	0	0	0	0	0	0	0	0	1	0	0	0	0	0	0	0	1	1	0	0	0	0	0	1	1	0	0	0	0
"ENSG00000261889.1|lncRNA|AC108134.2|peak_1322|ENST00000570843.1|0|100"	0	1	1	0	0	0	0	0	0	0	0	0	0	1	1	0	0	0	0	0	0	0	0	1	0	0	0	0	0	0	0	0	0	0	0	0	0	1	0	0	0	0	0	0	0	0	1	0	0	0	0	0	0	1	0	0	1	0	0	0	0	0	0	0	0	1	1	0	0	0	0	0	0	0	0
"chr12_98504240_98504340_+|genomic|chr12_98504240_98504340_+|peak_2566|chr12|98504240|98504340"	0	1	1	0	0	0	0	0	0	0	0	0	0	0	1	0	0	0	0	0	0	0	0	1	0	0	0	0	0	0	0	0	0	0	0	0	0	1	0	0	0	0	0	0	0	1	0	0	0	0	0	0	0	0	0	0	1	1	1	0	0	0	0	0	0	0	0	0	0	1	1	0	0	0	0
"chr17_43025280_43025320_-|genomic|chr17_43025280_43025320_-|peak_3159|chr17|43025280|43025320"	1	0	0	0	0	1	0	0	0	0	0	0	0	0	0	1	0	1	0	0	0	0	0	1	0	0	0	0	0	0	0	0	0	0	0	0	0	0	1	0	1	0	0	1	0	0	0	0	0	0	0	0	0	0	0	0	0	0	0	0	1	0	0	1	0	0	0	0	1	0	1	0	0	0	1
"chr4_166142580_166142640_+|genomic|chr4_166142580_166142640_+|peak_4337|chr4|166142580|166142640"	0	0	0	0	0	1	0	0	0	0	0	0	0	0	0	0	0	0	0	0	0	0	0	1	0	0	0	0	0	0	0	0	0	0	0	0	1	0	1	0	0	0	0	1	0	0	0	0	0	0	1	0	0	0	0	0	0	0	0	1	0	0	0	1	0	0	1	0	1	0	0	0	0	0	0
