"SRR5712482"	"SRR5712483"	"SRR5712484"	"SRR5712485"	"SRR5712486"	"SRR5712487"	"SRR5712488"	"SRR5712489"	"SRR5712490"	"SRR5712491"	"SRR5712492"	"SRR5712493"	"SRR5712494"	"SRR5712495"	"SRR5712496"	"SRR5712497"	"SRR5712498"	"SRR5712499"	"SRR5712500"	"SRR5712501"	"SRR5712502"	"SRR5712503"	"SRR5712504"	"SRR5712505"	"SRR5712506"	"SRR5712507"	"SRR5712508"	"SRR5712509"	"SRR5712510"	"SRR5712511"	"SRR5712512"	"SRR5712513"	"SRR5687235"	"SRR5687236"	"SRR5687237"	"SRR5687238"	"SRR5687239"	"SRR5687240"	"SRR5687241"	"SRR5687242"	"SRR5687243"	"SRR5687244"	"SRR5687245"	"SRR5687246"
"ENSG00000207005.1|snRNA|RNU1-2|ENSG00000207005.1|ENSG00000207005.1|0|164"	0	0	0	0	0	0	0	0	0	0	0	0	0	0	0	0	0	0	0	0	0	0	0	0	0	0	0	0	0	0	0	0	0	1	0	0	1	1	1	1	1	0	1	0
"ENSG00000270103.3|lncRNA|AL360012.1|ENSG00000270103.3|ENSG00000270103.3|0|131"	0	0	0	0	0	0	0	0	0	0	0	0	0	0	0	0	0	0	0	0	0	0	0	0	0	0	0	0	0	0	0	0	1	1	0	1	0	1	1	1	1	1	1	1
"ENSG00000274978.1|snRNA|RNU11|ENSG00000274978.1|ENSG00000274978.1|0|134"	0	0	0	0	0	0	0	0	0	0	0	0	0	0	0	0	0	0	0	0	0	0	0	0	0	0	0	0	0	0	0	0	1	1	0	1	0	1	1	1	1	1	1	1
"ENSG00000184007.18|mRNA|PTP4A2|ENSG00000184007.18|ENSG00000184007.18|0|6267"	0	0	0	0	0	0	0	0	0	0	0	0	0	1	0	0	0	0	0	0	0	0	0	0	0	0	0	0	0	0	0	0	0	1	1	0	0	1	1	0	1	1	1	0
"ENSG00000164587.11|mRNA|RPS14|ENSG00000164587.11|ENSG00000164587.11|0|4544"	0	0	0	0	0	0	0	0	0	0	0	0	0	0	0	0	0	0	0	0	0	0	0	0	0	0	0	0	0	0	0	0	0	0	1	0	1	1	0	1	0	1	0	0
"ENSG00000200314.1|Y_RNA|Y_RNA|ENSG00000200314.1|ENSG00000200314.1|0|102"	0	0	0	0	0	0	0	0	0	0	0	0	0	0	0	0	0	0	0	0	0	0	0	0	0	0	0	0	0	0	0	0	0	1	0	1	0	0	0	0	1	1	1	0
"ENSG00000222328.1|snRNA|RNU2-2P|ENSG00000222328.1|ENSG00000222328.1|0|191"	0	0	0	0	0	0	0	0	0	0	0	0	0	0	0	0	0	0	0	0	0	0	0	0	0	0	0	0	0	0	0	0	1	1	0	0	0	1	1	0	1	1	1	0
"ENSG00000202538.1|snRNA|RNU4-2|ENSG00000202538.1|ENSG00000202538.1|0|141"	0	0	0	0	0	0	0	0	0	0	0	0	0	0	0	0	0	0	0	0	0	0	0	0	0	0	0	0	0	0	0	0	1	1	0	1	1	1	1	0	1	1	1	0
"ENSG00000166128.12|mRNA|RAB8B|ENSG00000166128.12|ENSG00000166128.12|0|5200"	0	0	0	0	0	0	0	0	0	0	0	0	0	0	1	0	0	0	0	0	0	0	0	0	0	0	0	0	0	0	0	0	0	1	1	1	1	1	1	0	0	1	1	0
"ENSG00000128245.14|mRNA|YWHAH|ENSG00000128245.14|ENSG00000128245.14|0|2453"	0	0	1	0	0	0	0	0	0	0	0	0	0	0	0	0	0	0	0	0	0	0	0	0	0	0	0	0	0	0	0	0	0	1	1	1	0	0	0	1	1	1	1	1
