"SRR5712482"	"SRR5712483"	"SRR5712484"	"SRR5712485"	"SRR5712486"	"SRR5712487"	"SRR5712488"	"SRR5712489"	"SRR5712490"	"SRR5712491"	"SRR5712492"	"SRR5712493"	"SRR5712494"	"SRR5712495"	"SRR5712496"	"SRR5712497"	"SRR5712498"	"SRR5712499"	"SRR5712500"	"SRR5712501"	"SRR5712502"	"SRR5712503"	"SRR5712504"	"SRR5712505"	"SRR5712506"	"SRR5712507"	"SRR5712508"	"SRR5712509"	"SRR5712510"	"SRR5712511"	"SRR5712512"	"SRR5712513"	"SRR5712516"	"SRR5712517"	"SRR5712518"	"SRR5712519"	"SRR5712520"	"SRR5712521"	"SRR5712522"	"SRR5712523"	"SRR5712524"	"SRR5712525"	"SRR5712526"	"SRR5712527"	"SRR5712528"	"SRR5712529"	"SRR5712530"	"SRR5712531"	"SRR5712532"	"SRR5712533"	"SRR5712534"	"SRR5712535"	"SRR5712536"
"ENSG00000270103.3|lncRNA|AL360012.1|ENSG00000270103.3|ENSG00000270103.3|0|131"	0	0	0	0	0	0	0	1	0	0	0	0	0	0	0	0	0	0	0	0	0	0	0	0	0	0	0	0	0	0	0	0	1	0	0	0	0	0	1	1	1	1	0	0	1	0	1	0	1	0	1	0	1
"ENSG00000168329.13|mRNA|CX3CR1|ENSG00000168329.13|ENSG00000168329.13|0|3655"	0	0	0	0	0	0	0	0	0	0	0	0	0	0	0	0	0	0	0	0	0	0	0	0	0	0	0	0	0	0	0	0	1	0	1	1	1	0	0	0	1	0	1	0	0	1	1	1	0	0	0	0	0
"ENSG00000109475.16|mRNA|RPL34|ENSG00000109475.16|ENSG00000109475.16|0|3393"	0	0	0	0	0	0	0	0	0	0	0	0	0	0	0	0	0	0	0	0	0	0	0	0	0	0	0	0	0	0	0	0	1	0	1	1	1	0	0	1	1	1	1	1	0	0	0	1	0	1	1	1	0
"ENSG00000254772.9|mRNA|EEF1G|ENSG00000254772.9|ENSG00000254772.9|0|2716"	0	0	0	0	0	0	0	0	0	0	0	0	0	0	0	0	0	0	0	0	0	0	0	0	0	0	0	0	0	0	0	0	1	0	0	1	1	0	0	1	1	0	0	0	0	0	0	1	1	1	0	0	0
"ENSG00000135486.17|mRNA|HNRNPA1|ENSG00000135486.17|ENSG00000135486.17|0|5093"	0	0	0	0	0	0	0	0	0	0	0	0	0	0	0	0	0	0	0	0	0	0	0	0	0	0	0	0	0	0	0	0	1	1	1	1	0	0	0	0	1	0	0	1	0	0	0	1	0	1	0	0	0
"ENSG00000174444.14|mRNA|RPL4|ENSG00000174444.14|ENSG00000174444.14|0|5637"	0	0	0	0	0	0	0	0	0	0	0	0	0	0	0	0	0	0	0	0	0	0	0	0	0	0	0	0	0	0	0	0	0	1	1	1	0	1	0	0	0	0	1	1	0	0	0	1	0	1	0	1	0
"hsa_circ_0014859|circRNA|hsa_circ_0014859|hsa_circ_0014859|hsa_circ_0014859|0|506"	0	0	0	0	0	0	0	0	0	0	0	0	0	0	0	0	0	0	0	0	0	0	0	0	0	0	0	0	0	0	0	0	0	0	0	0	1	0	0	1	0	1	1	1	0	0	0	1	0	0	0	0	0
"hsa_circ_0079275|circRNA|hsa_circ_0079275|hsa_circ_0079275|hsa_circ_0079275|0|600"	0	0	0	0	0	0	0	0	0	0	0	0	0	0	0	0	0	0	0	0	0	0	0	0	0	0	0	0	0	0	0	0	1	0	1	1	0	1	0	1	0	0	1	1	0	0	0	1	0	1	0	1	0
"hsa_circ_0089891|circRNA|hsa_circ_0089891|hsa_circ_0089891|hsa_circ_0089891|0|356"	0	0	0	0	0	0	0	0	0	0	0	0	0	0	0	0	0	0	0	0	0	0	0	0	0	0	0	0	0	0	0	0	0	0	0	0	0	1	0	0	1	0	0	1	0	0	1	1	0	1	0	1	1
"hsa_circ_0091254|circRNA|hsa_circ_0091254|hsa_circ_0091254|hsa_circ_0091254|0|212"	0	0	0	0	0	0	0	0	0	0	0	0	0	0	1	0	0	0	0	0	0	0	0	0	0	0	0	0	0	0	0	0	1	0	0	0	0	1	1	1	0	1	1	0	0	0	1	0	1	0	0	1	0
