"SRR5712482"	"SRR5712483"	"SRR5712484"	"SRR5712485"	"SRR5712486"	"SRR5712487"	"SRR5712488"	"SRR5712489"	"SRR5712490"	"SRR5712491"	"SRR5712492"	"SRR5712493"	"SRR5712494"	"SRR5712495"	"SRR5712496"	"SRR5712497"	"SRR5712498"	"SRR5712499"	"SRR5712500"	"SRR5712501"	"SRR5712502"	"SRR5712503"	"SRR5712504"	"SRR5712505"	"SRR5712506"	"SRR5712507"	"SRR5712508"	"SRR5712509"	"SRR5712510"	"SRR5712511"	"SRR5712512"	"SRR5712513"	"SRR5714908"	"SRR5714909"	"SRR5714910"	"SRR5714911"	"SRR5714912"	"SRR5714913"	"SRR5714914"	"SRR5714915"	"SRR5714916"	"SRR5714917"	"SRR5714918"	"SRR5714919"	"SRR5714920"	"SRR5714921"
"ENSG00000142961.14|mRNA|MOB3C|ENSG00000142961.14|ENSG00000142961.14|0|5916"	0	0	0	0	0	0	0	0	0	0	0	1	0	0	0	0	0	0	0	0	0	0	0	0	0	0	0	0	0	0	0	0	0	1	1	0	1	1	0	0	1	0	0	1	0	1
"ENSG00000158710.14|mRNA|TAGLN2|ENSG00000158710.14|ENSG00000158710.14|0|2487"	0	0	0	0	0	0	0	0	0	0	0	0	0	0	0	0	0	0	0	0	0	0	0	0	0	0	0	0	0	0	0	1	0	0	1	0	0	0	0	0	0	1	0	1	0	1
"ENSG00000158796.16|mRNA|DEDD|ENSG00000158796.16|ENSG00000158796.16|0|2821"	0	0	0	1	0	0	0	0	0	0	1	0	0	0	0	0	0	0	0	0	0	0	0	0	0	0	0	0	0	0	0	0	0	0	1	0	0	0	1	0	1	0	0	0	0	0
"ENSG00000127920.5|mRNA|GNG11|ENSG00000127920.5|ENSG00000127920.5|0|3055"	0	0	0	0	0	0	0	0	0	0	0	0	0	0	1	0	0	0	0	0	0	0	0	0	0	0	0	0	0	0	0	0	1	0	0	0	1	1	0	0	0	1	1	1	1	0
"ENSG00000105974.11|mRNA|CAV1|ENSG00000105974.11|ENSG00000105974.11|0|4082"	0	0	0	0	0	0	0	0	0	0	0	0	0	0	0	0	0	0	0	0	0	1	0	0	0	0	0	0	0	0	0	0	0	0	0	0	1	0	0	0	1	0	1	1	1	0
"ENSG00000167996.15|mRNA|FTH1|ENSG00000167996.15|ENSG00000167996.15|0|2030"	0	0	0	0	0	0	0	0	0	0	0	0	0	0	0	0	0	0	0	0	0	0	0	0	0	0	0	0	0	0	0	0	0	0	1	0	0	0	1	1	0	0	0	1	1	1
"ENSG00000136147.17|mRNA|PHF11|ENSG00000136147.17|ENSG00000136147.17|0|4841"	0	0	0	0	0	0	0	0	1	0	0	0	0	0	0	0	1	0	0	0	0	0	0	0	0	0	0	0	0	0	0	1	0	1	0	1	0	0	1	0	0	1	0	0	0	0
"ENSG00000105193.8|mRNA|RPS16|ENSG00000105193.8|ENSG00000105193.8|0|2603"	0	0	0	0	0	0	0	0	0	0	0	0	0	0	0	0	0	0	0	0	0	1	0	0	0	0	0	0	0	0	0	0	0	1	0	1	1	0	0	1	1	0	0	0	0	0
"ENSG00000124207.16|mRNA|CSE1L|ENSG00000124207.16|ENSG00000124207.16|0|3800"	0	0	0	0	0	0	0	0	0	0	0	0	0	0	0	0	0	0	0	0	0	0	0	0	0	0	0	0	0	0	0	0	1	0	0	1	0	0	1	1	0	0	1	1	1	0
"hsa_circ_0051906|circRNA|hsa_circ_0051906|hsa_circ_0051906|hsa_circ_0051906|0|600"	0	0	0	0	0	0	0	0	0	0	0	0	0	1	0	1	0	0	0	0	0	0	0	0	0	0	0	0	0	0	0	0	0	0	0	0	1	0	1	1	0	0	0	0	0	1
