"SRR5712482"	"SRR5712483"	"SRR5712484"	"SRR5712485"	"SRR5712486"	"SRR5712487"	"SRR5712488"	"SRR5712489"	"SRR5712490"	"SRR5712491"	"SRR5712492"	"SRR5712493"	"SRR5712494"	"SRR5712495"	"SRR5712496"	"SRR5712497"	"SRR5712498"	"SRR5712499"	"SRR5712500"	"SRR5712501"	"SRR5712502"	"SRR5712503"	"SRR5712504"	"SRR5712505"	"SRR5712506"	"SRR5712507"	"SRR5712508"	"SRR5712509"	"SRR5712510"	"SRR5712511"	"SRR5712512"	"SRR5712513"	"SRR5687235"	"SRR5687236"	"SRR5687237"	"SRR5687238"	"SRR5687239"	"SRR5687240"	"SRR5687241"	"SRR5687242"	"SRR5687243"	"SRR5687244"	"SRR5687245"	"SRR5687246"
"ENSG00000270103.3|lncRNA|AL360012.1|ENSG00000270103.3|ENSG00000270103.3|0|131"	0	0	0	0	0	0	0	0	0	0	0	0	0	0	0	0	0	0	0	0	0	0	0	0	0	0	0	0	0	0	0	0	1	1	0	1	0	1	1	1	1	1	1	1
"ENSG00000184007.18|mRNA|PTP4A2|ENSG00000184007.18|ENSG00000184007.18|0|6267"	0	0	0	0	0	0	0	0	0	0	0	0	0	1	0	0	0	0	0	0	0	0	0	0	0	0	0	0	0	0	0	0	0	1	1	0	0	1	1	0	1	1	1	0
"ENSG00000186517.13|mRNA|ARHGAP30|ENSG00000186517.13|ENSG00000186517.13|0|5064"	0	0	0	0	0	0	0	0	0	0	0	0	0	0	0	0	0	0	0	0	0	0	0	0	0	0	0	0	0	0	0	0	1	1	1	1	1	1	0	1	1	1	1	0
"ENSG00000043462.11|mRNA|LCP2|ENSG00000043462.11|ENSG00000043462.11|0|7244"	0	0	0	0	0	0	0	0	0	0	0	0	0	0	0	0	0	0	0	0	0	0	0	0	0	0	0	0	0	0	0	0	0	1	1	0	1	1	0	0	1	1	1	1
"ENSG00000197153.4|mRNA|HIST1H3J|ENSG00000197153.4|ENSG00000197153.4|0|775"	0	0	0	0	0	0	0	0	0	0	0	0	0	0	0	0	0	0	0	0	0	0	0	0	0	0	0	0	0	0	0	0	0	0	1	1	1	0	0	1	1	1	1	1
"ENSG00000222328.1|snRNA|RNU2-2P|ENSG00000222328.1|ENSG00000222328.1|0|191"	0	0	0	0	0	0	0	0	0	0	0	0	0	0	0	0	0	0	0	0	0	0	0	0	0	0	0	0	0	0	0	0	1	1	0	0	0	1	1	0	1	1	1	0
"ENSG00000202538.1|snRNA|RNU4-2|ENSG00000202538.1|ENSG00000202538.1|0|141"	0	0	0	0	0	0	0	0	0	0	0	0	0	0	0	0	0	0	0	0	0	0	0	0	0	0	0	0	0	0	0	0	1	1	0	1	1	1	1	0	1	1	1	0
"ENSG00000264940.4|snoRNA|SNORD3C|ENSG00000264940.4|ENSG00000264940.4|0|581"	0	0	0	0	0	0	0	0	0	0	0	0	0	0	0	0	1	0	0	0	0	0	0	0	0	0	0	0	0	0	0	0	1	1	0	1	1	1	1	0	1	0	1	0
"hsa_circ_0001190|circRNA|hsa_circ_0001190|hsa_circ_0001190|hsa_circ_0001190|0|600"	0	0	0	0	0	0	0	0	0	0	0	0	0	0	0	0	0	0	0	0	0	0	0	0	0	0	0	0	0	0	0	0	0	1	0	1	0	1	0	1	0	1	1	0
"hsa_circ_0060512|circRNA|hsa_circ_0060512|hsa_circ_0060512|hsa_circ_0060512|0|600"	0	0	0	0	0	0	0	0	0	0	0	0	0	0	0	0	0	0	0	0	0	0	0	0	0	0	0	0	0	0	0	0	0	0	1	0	1	1	0	1	1	1	0	1
