"SRR5712482"	"SRR5712483"	"SRR5712484"	"SRR5712485"	"SRR5712486"	"SRR5712487"	"SRR5712488"	"SRR5712489"	"SRR5712490"	"SRR5712491"	"SRR5712492"	"SRR5712493"	"SRR5712494"	"SRR5712495"	"SRR5712496"	"SRR5712497"	"SRR5712498"	"SRR5712499"	"SRR5712500"	"SRR5712501"	"SRR5712502"	"SRR5712503"	"SRR5712504"	"SRR5712505"	"SRR5712506"	"SRR5712507"	"SRR5712508"	"SRR5712509"	"SRR5712510"	"SRR5712511"	"SRR5712512"	"SRR5712513"	"SRR5714908"	"SRR5714909"	"SRR5714910"	"SRR5714911"	"SRR5714912"	"SRR5714913"	"SRR5714914"	"SRR5714915"	"SRR5714916"	"SRR5714917"	"SRR5714918"	"SRR5714919"	"SRR5714920"	"SRR5714921"
"ENSG00000163041.9|mRNA|H3F3A|ENSG00000163041.9|ENSG00000163041.9|0|3146"	1	0	0	0	0	0	0	0	0	0	0	0	0	0	0	0	0	0	0	0	0	0	0	0	0	0	0	0	0	0	0	0	0	0	1	1	0	0	0	1	0	1	1	1	0	0
"ENSG00000047849.21|mRNA|MAP4|ENSG00000047849.21|ENSG00000047849.21|0|14943"	0	0	0	0	0	0	0	0	1	0	0	0	0	0	0	0	0	0	0	0	0	0	0	0	0	0	0	0	0	0	0	0	1	1	0	0	1	0	0	0	0	0	1	0	1	0
"ENSG00000010256.10|mRNA|UQCRC1|ENSG00000010256.10|ENSG00000010256.10|0|3236"	0	0	0	0	0	0	1	0	0	0	0	1	0	0	0	0	0	0	0	0	0	0	0	0	0	0	0	0	0	0	0	0	0	0	0	0	0	0	0	1	0	1	1	0	1	0
"ENSG00000114737.15|mRNA|CISH|ENSG00000114737.15|ENSG00000114737.15|0|5112"	0	0	0	0	0	0	0	1	0	0	0	0	0	0	0	0	0	0	0	0	0	0	0	0	0	0	0	0	0	0	0	0	0	1	0	1	1	0	0	0	1	0	1	0	1	0
"ENSG00000164111.14|mRNA|ANXA5|ENSG00000164111.14|ENSG00000164111.14|0|3034"	0	0	0	0	0	0	0	0	0	0	0	0	0	0	0	0	0	0	0	0	0	0	0	0	0	0	0	0	0	0	0	0	1	1	1	1	0	0	0	1	0	1	1	0	1	1
"ENSG00000130429.12|mRNA|ARPC1B|ENSG00000130429.12|ENSG00000130429.12|0|3979"	1	0	0	0	0	0	0	0	0	0	0	0	0	0	0	0	0	0	0	0	0	0	0	0	0	1	0	0	0	0	0	0	0	0	0	0	0	0	0	1	1	0	1	1	1	0
"ENSG00000241978.9|mRNA|AKAP2|ENSG00000241978.9|ENSG00000241978.9|0|7862"	0	0	0	0	0	0	0	0	0	0	0	0	0	0	0	0	1	0	0	0	0	0	0	0	0	0	0	0	0	0	0	0	1	1	1	1	0	0	1	0	0	0	0	1	1	0
"ENSG00000152778.8|mRNA|IFIT5|ENSG00000152778.8|ENSG00000152778.8|0|4015"	0	0	0	0	0	0	0	0	0	0	0	0	0	0	0	0	1	0	0	0	0	0	0	0	0	0	0	0	1	0	1	0	1	0	0	1	0	1	1	1	0	0	0	0	0	0
"ENSG00000198959.11|mRNA|TGM2|ENSG00000198959.11|ENSG00000198959.11|0|8036"	0	0	0	0	0	0	0	0	0	0	0	0	0	0	0	0	0	0	0	0	0	0	0	1	0	0	0	0	0	0	0	0	1	0	0	1	0	0	0	1	0	0	1	1	1	0
"hsa_circ_0000038|circRNA|hsa_circ_0000038|hsa_circ_0000038|hsa_circ_0000038|0|600"	0	0	0	0	0	0	0	0	0	0	0	1	0	0	0	0	0	0	0	0	0	0	0	0	0	0	0	0	0	0	0	0	0	1	0	1	1	0	1	1	0	0	1	1	0	0
