"SRR5712482"	"SRR5712483"	"SRR5712484"	"SRR5712485"	"SRR5712486"	"SRR5712487"	"SRR5712488"	"SRR5712489"	"SRR5712490"	"SRR5712491"	"SRR5712492"	"SRR5712493"	"SRR5712494"	"SRR5712495"	"SRR5712496"	"SRR5712497"	"SRR5712498"	"SRR5712499"	"SRR5712500"	"SRR5712501"	"SRR5712502"	"SRR5712503"	"SRR5712504"	"SRR5712505"	"SRR5712506"	"SRR5712507"	"SRR5712508"	"SRR5712509"	"SRR5712510"	"SRR5712511"	"SRR5712512"	"SRR5712513"	"SRR5712516"	"SRR5712517"	"SRR5712518"	"SRR5712519"	"SRR5712520"	"SRR5712521"	"SRR5712522"	"SRR5712523"	"SRR5712524"	"SRR5712525"	"SRR5712526"	"SRR5712527"	"SRR5712528"	"SRR5712529"	"SRR5712530"	"SRR5712531"	"SRR5712532"	"SRR5712533"	"SRR5712534"	"SRR5712535"	"SRR5712536"
"ENSG00000163191.5|mRNA|S100A11|ENSG00000163191.5|ENSG00000163191.5|0|680"	0	0	0	0	0	0	0	0	0	0	0	0	0	0	0	0	0	0	0	0	0	0	0	0	0	0	0	0	0	0	0	0	1	0	0	0	0	0	0	0	0	0	1	0	0	0	1	1	1	1	0	1	1
"ENSG00000134308.13|mRNA|YWHAQ|ENSG00000134308.13|ENSG00000134308.13|0|2713"	0	0	0	0	0	0	0	0	0	0	0	0	0	0	0	0	0	0	0	0	0	0	0	0	1	0	0	0	0	0	0	0	1	1	0	0	1	0	0	1	1	0	0	1	0	0	0	0	1	1	0	0	0
"ENSG00000202538.1|snRNA|RNU4-2|ENSG00000202538.1|ENSG00000202538.1|0|141"	0	0	0	0	0	0	0	0	0	0	0	0	0	0	0	0	0	0	0	0	0	0	0	0	0	0	0	0	0	0	0	0	1	0	1	1	0	0	0	1	1	0	1	1	1	1	0	0	1	1	1	0	0
"ENSG00000136147.17|mRNA|PHF11|ENSG00000136147.17|ENSG00000136147.17|0|4841"	0	0	0	0	0	0	0	0	0	0	0	0	0	0	0	0	0	0	0	0	0	0	0	0	0	0	0	0	0	0	0	0	1	0	0	1	1	0	1	0	1	0	0	0	0	0	1	1	1	0	0	0	1
"ENSG00000129250.11|mRNA|KIF1C|ENSG00000129250.11|ENSG00000129250.11|0|8580"	0	0	0	0	0	0	0	0	0	0	0	0	0	0	0	0	0	0	0	0	0	0	0	0	0	0	0	0	0	0	0	0	0	0	0	0	0	0	0	1	0	1	1	0	0	0	1	0	1	1	0	0	1
"ENSG00000264940.4|snoRNA|SNORD3C|ENSG00000264940.4|ENSG00000264940.4|0|581"	0	0	0	0	0	0	0	0	0	0	0	0	0	0	0	0	0	0	0	0	0	0	0	0	0	0	0	0	0	0	0	0	1	1	0	0	0	0	0	1	0	1	1	0	0	0	0	0	1	1	1	0	0
"hsa_circ_0000160|circRNA|hsa_circ_0000160|hsa_circ_0000160|hsa_circ_0000160|0|600"	1	0	0	0	0	0	0	0	0	0	0	0	0	0	0	0	0	0	0	0	0	0	0	0	0	0	0	0	0	0	0	0	0	0	0	1	0	0	0	0	0	0	1	0	1	0	1	1	0	0	0	0	1
"hsa_circ_0012383|circRNA|hsa_circ_0012383|hsa_circ_0012383|hsa_circ_0012383|0|600"	0	0	0	0	0	0	0	0	0	0	0	0	0	0	0	0	0	0	0	0	0	0	0	0	1	0	0	0	0	0	0	0	0	0	0	0	0	1	0	0	1	0	0	0	1	0	1	0	0	1	0	0	1
"hsa_circ_0014859|circRNA|hsa_circ_0014859|hsa_circ_0014859|hsa_circ_0014859|0|506"	0	0	0	0	0	0	0	0	0	0	0	0	0	0	0	0	0	0	0	0	0	0	0	0	0	0	0	0	0	0	0	0	0	0	0	0	1	0	0	1	0	1	1	1	0	0	0	1	0	0	0	0	0
"hsa_circ_0104326|circRNA|hsa_circ_0104326|hsa_circ_0104326|hsa_circ_0104326|0|600"	0	0	0	0	0	0	0	0	0	0	0	0	0	0	0	0	0	0	0	0	0	0	0	0	0	0	0	0	0	0	0	0	0	0	1	0	0	1	1	1	1	1	1	0	0	0	0	1	0	1	0	0	0
